0.881
0.739
0.653
0.696
0.829
0.669
0.952
0.833
0.825
0.533
0.703
0.941
0.881
0.767
1.0
0.786
0.833
1.0
0.905
0.892
0.739
1.0
0.717
0.87
0.746
0.888
0.913
0.822
0.872
0.623
0.964
0.929
0.883
0.941
0.932
1.0
0.83
0.794
0.872
0.648
0.822
0.654
0.784
0.848
0.814
0.957
0.777
0.941
0.862
0.649
0.814
0.941
0.885
0.716
0.628
0.676
0.876
0.862
0.766
0.898
0.724
0.881
0.922
0.941
0.718
0.781
0.712
0.881
0.847
0.744
1.0
0.948
0.828
0.826
0.798
0.624
0.913
0.656
0.941
0.559
0.941
0.948
0.802
0.86
0.66
0.863
0.941
0.941
0.814
1.0
0.83
0.922
0.86
0.776
0.881
0.769
0.896
0.905
0.838
1.0
0.776
0.81
0.784
0.678
0.514
0.78
0.964
0.898
0.941
0.784
0.824
0.972
0.881
0.833
0.63
0.744
0.824
0.864
0.776
0.838
0.812
0.754
1.0
0.784
0.905
0.747
0.945
0.812
0.744
0.881
0.881
0.941
1.0
0.822
0.888
1.0
0.882
0.762
0.881
0.719
1.0
0.863
0.667
0.66
0.675
0.75
0.66
0.955
0.913
0.905
0.781
0.881
0.932
0.866
0.786
0.945
0.773
0.646
0.892
0.891
0.734
0.685
0.568
0.85
0.817
0.717
0.767
0.941
0.889
0.942
0.941
0.816
0.895
0.931
0.719
0.833
0.824
0.673
0.941
0.795
0.833
0.922
0.756
0.823
1.0
0.926
1.0
0.86
0.948
0.931
0.536
0.612
0.834
0.71
0.941
0.602
0.87
0.817
0.786
0.815
0.913
0.872
0.881
0.75
0.945
0.955
0.876
0.804
0.814
0.748
0.826
0.913
0.706
0.724
0.87
0.744
0.848
0.981
0.682
0.75
0.941
0.812
1.0
0.881
0.913
0.648
0.829
0.803
0.889
0.826
0.713
0.822
0.728
0.952
0.794
0.913
0.877
0.83
0.778
0.786
0.828
0.838
0.541
0.833
0.898
0.905
0.822
0.689
0.782
0.737
0.964
0.739
0.813
0.643
0.853
0.991
0.776
0.981
0.941
0.84
1.0
0.796
0.716
0.814
0.864
0.801
0.885
0.784
1.0
0.812
0.941
0.762
0.709
0.727
0.817
0.844
0.941
0.929
0.872
0.881
0.837
0.732
0.845
0.714
0.862
0.888
0.79
0.781
0.763
0.689
0.833
0.877
0.707
0.888
0.718
0.833
0.733
0.735
0.86
0.777
